knapPI_1_2000_10000000_1			
n	2000		
c	98865278		
z	1113350014		
time	0.00		
1	6015094	9400485	0
2	1524506	2756326	0
3	3794416	4379248	0
4	6940992	2845421	0
5	6566649	1680322	0
6	1249237	4215795	0
7	7796457	4658043	0
8	9767815	1942845	0
9	5119446	5524955	0
10	1663422	1949252	0
11	2888791	5861009	0
12	1149359	4125901	0
13	845667	2881122	0
14	5331598	3581094	0
15	1282007	3738738	0
16	920544	2488574	0
17	5885334	6865715	0
18	8582766	8278882	0
19	2593994	731367	0
20	8759893	7659984	0
21	5762633	6073299	0
22	7987131	5549433	0
23	8705428	7415682	0
24	6476700	3890072	0
25	9530617	6797874	0
26	4215874	9500138	0
27	6277720	1253856	0
28	2974419	387145	1
29	5169794	37995	1
30	6328196	7191529	0
31	1095997	36199	1
32	4283116	3583277	0
33	215908	6580097	0
34	3255539	3159719	0
35	145707	1935242	0
36	6638569	3736107	0
37	5825537	41122	1
38	4090931	4141070	0
39	3955726	9476098	0
40	3475487	5753600	0
41	6759772	4236645	0
42	1767513	2507267	0
43	6152081	6141972	0
44	2429943	9909895	0
45	1188058	9683213	0
46	1184303	9699748	0
47	6913764	2689487	0
48	2906536	6471923	0
49	4190724	5817029	0
50	5063789	9425674	0
51	9327479	1198540	1
52	6662142	4145554	0
53	5638339	8522467	0
54	3968641	4247046	0
55	443196	5289710	0
56	281494	2540553	0
57	8284066	9233191	0
58	5930824	618724	1
59	3999208	6605730	0
60	1559711	536988	0
61	4278800	9972090	0
62	3343314	919340	0
63	5066289	4427549	0
64	8069401	6004196	0
65	4541466	4770865	0
66	3302689	7779678	0
67	7666833	9665570	0
68	5475225	5814936	0
69	9736244	6203722	0
70	3743849	8073651	0
71	5018113	9176123	0
72	8933379	3871431	0
73	1477361	6478508	0
74	5562065	7407585	0
75	8167486	4441853	0
76	4612686	159642	1
77	4857286	3397992	0
78	8771889	3536725	0
79	5798024	1561286	0
80	2679491	6161812	0
81	306891	9428859	0
82	5275090	6860663	0
83	4185181	2281088	0
84	1921214	2724179	0
85	1761017	7554187	0
86	3143472	4896619	0
87	8804418	8247261	0
88	1405419	8016846	0
89	2517356	929192	0
90	8186682	957261	1
91	6029306	6015514	0
92	3112201	5012886	0
93	4388385	8203530	0
94	5191952	6964849	0
95	3511500	5183294	0
96	8721194	2731799	0
97	1159737	2162391	0
98	9344324	2364330	0
99	412992	7102298	0
100	4042224	8632790	0
101	1598260	4045275	0
102	771097	6989826	0
103	9354210	8832072	0
104	621649	2802866	0
105	8436919	9167951	0
106	8213063	3498748	0
107	9832958	6856685	0
108	8254804	9009956	0
109	9240518	8748564	0
110	1765428	7524183	0
111	9005537	4929400	0
112	5435346	7006721	0
113	1814153	8681207	0
114	6678971	2021323	0
115	9317662	7160611	0
116	214197	5592116	0
117	4318091	5008109	0
118	6311529	8686795	0
119	1405126	2399343	0
120	9138747	1897862	0
121	2388469	1481685	0
122	643770	3907010	0
123	7141934	7931881	0
124	6700723	8576984	0
125	5991895	1289403	0
126	7417568	1078360	1
127	2416172	9305449	0
128	9456958	1933541	0
129	1484383	4896272	0
130	333308	7592877	0
131	3434970	8353359	0
132	8093583	6952707	0
133	7766048	5544308	0
134	6120930	4767770	0
135	5407569	7433030	0
136	1625003	5386208	0
137	5667020	915311	1
138	6411609	6602100	0
139	9995887	7463939	0
140	1046825	1108422	0
141	9479930	1492785	1
142	4514904	9415370	0
143	5700241	3673989	0
144	2907379	1674969	0
145	9489376	5309143	0
146	437962	599972	0
147	8396889	2467028	0
148	5117443	6223061	0
149	2088216	5689638	0
150	8395338	4561348	0
151	9949160	8289347	0
152	4746406	5658066	0
153	7848159	461391	1
154	893031	3505638	0
155	8855204	9525295	0
156	3887420	3693826	0
157	2499153	9681196	0
158	1443425	6632449	0
159	3305331	2289855	0
160	3640565	8652143	0
161	5777838	3695487	0
162	9308009	4939140	0
163	8113918	8550564	0
164	6880533	2743615	0
165	5390232	1598135	0
166	1593957	273564	1
167	1556591	6360	1
168	3430576	167793	1
169	1233746	4709163	0
170	4046377	9754859	0
171	2423858	5793760	0
172	8943086	759711	1
173	562434	2845662	0
174	410558	6750159	0
175	7284279	7995660	0
176	992840	1614268	0
177	2762735	5445948	0
178	7628574	5617315	0
179	7870126	7034676	0
180	2163912	3408341	0
181	8748739	7913689	0
182	2440821	3547894	0
183	3623625	2611706	0
184	9635917	7057490	0
185	896201	4727478	0
186	6112993	9955671	0
187	1149	6401932	0
188	810052	4302899	0
189	5859759	6906237	0
190	9049267	1330187	1
191	792256	933472	0
192	908783	1058772	0
193	6978117	4652098	0
194	8041516	7085906	0
195	6687180	7233911	0
196	677025	8750635	0
197	4840380	7260225	0
198	4795712	1350823	0
199	5298266	3899164	0
200	7433216	7518343	0
201	1481448	7341732	0
202	7459541	8389502	0
203	2162664	1432740	0
204	4293954	522576	1
205	6345726	3223612	0
206	7376772	8256902	0
207	8348531	2465454	0
208	1864943	5678411	0
209	4561750	267973	1
210	4842327	7497703	0
211	4953917	9914850	0
212	2484005	9717077	0
213	3603113	5821220	0
214	2939913	4924802	0
215	1750791	9252403	0
216	2977998	8566181	0
217	9675859	2612010	0
218	6630345	9497525	0
219	8937431	9253919	0
220	4749675	9174668	0
221	1442833	456527	0
222	6104438	653462	1
223	9513523	8045291	0
224	7587916	1191605	1
225	9076420	9598457	0
226	1078115	2628405	0
227	3906660	8541417	0
228	274261	1714279	0
229	3769772	3717685	0
230	8378388	8197596	0
231	4531764	2192307	0
232	5958843	2620224	0
233	5948206	803322	1
234	7377407	4965840	0
235	8830639	5236975	0
236	5750852	4161401	0
237	422542	474091	0
238	106060	4445327	0
239	9526757	7880330	0
240	7923082	7814182	0
241	3091637	3379603	0
242	6723093	5851793	0
243	2760614	7775615	0
244	670136	1663733	0
245	1630187	1213864	0
246	6024102	9259016	0
247	859972	4814863	0
248	969163	9946987	0
249	6857501	4975306	0
250	3900477	1088034	0
251	7793492	9896840	0
252	2471121	2006700	0
253	9853080	9744706	0
254	3368138	894787	0
255	2967660	6479105	0
256	1661229	4950834	0
257	2234827	8185798	0
258	9222448	7583310	0
259	7888230	851609	1
260	8378832	4780690	0
261	8116489	2368561	0
262	1251586	3679579	0
263	5451291	6240060	0
264	2609665	7907388	0
265	6766660	8031309	0
266	293702	7761407	0
267	4202153	63200	1
268	5107606	3952313	0
269	8823123	2328970	0
270	4131253	2881033	0
271	4769709	5022273	0
272	7515832	9495277	0
273	2872108	2748997	0
274	7760888	3359040	0
275	7001481	4205227	0
276	7061283	4491860	0
277	8018858	7095940	0
278	6594284	8445608	0
279	8695711	8434990	0
280	3226850	3003590	0
281	9991239	3066806	0
282	5358943	2597052	0
283	3522195	1661801	0
284	467095	5939764	0
285	3101410	734710	0
286	8931664	8798386	0
287	9093900	102593	1
288	1960112	6579050	0
289	2323963	9415494	0
290	9768754	8932156	0
291	7897458	3296936	0
292	5300019	9429965	0
293	106225	2992086	0
294	6598569	5350723	0
295	7506097	244184	1
296	4382194	9859868	0
297	4935754	497340	1
298	6854602	6794412	0
299	4211061	5854487	0
300	1012695	4860209	0
301	2170347	892346	0
302	1866719	3860	1
303	7941100	5288307	0
304	7731097	8700095	0
305	5226843	4285821	0
306	3603745	3873941	0
307	2273286	8402821	0
308	4447492	1181587	0
309	4410116	8218201	0
310	2321531	9905665	0
311	7482424	8532527	0
312	5859253	2937812	0
313	1181426	5969424	0
314	6078413	8711459	0
315	5756980	9109343	0
316	7171291	4944836	0
317	162833	90506	0
318	2760486	850179	0
319	5369009	1571916	0
320	4291575	4914430	0
321	9847922	2557596	0
322	8699145	7355808	0
323	6489897	9017269	0
324	1573404	6595512	0
325	5380742	1567811	0
326	1730728	9573685	0
327	133269	182567	0
328	5885103	2603776	0
329	5979745	2730855	0
330	6853035	8937718	0
331	2857779	1596853	0
332	7036071	5652097	0
333	9673080	8901146	0
334	8036842	2529746	0
335	3768128	8126015	0
336	3860941	923965	0
337	8160227	2551512	0
338	1626030	2370480	0
339	7601342	3190958	0
340	6612605	5811665	0
341	7173531	3525191	0
342	4453364	5334964	0
343	4125359	6302515	0
344	1536867	9159606	0
345	6213820	2136822	0
346	9878313	3324536	0
347	9285207	4679693	0
348	6878911	2081019	0
349	6954308	6130335	0
350	7976430	6726101	0
351	8258685	2009922	0
352	4436641	4129294	0
353	5740113	2423910	0
354	2269141	9552410	0
355	8587690	513250	1
356	2422700	4850546	0
357	2291559	9736729	0
358	9976481	9798609	0
359	3910503	2059720	0
360	231766	963976	0
361	7380007	1131759	1
362	3871882	7452798	0
363	2921859	9114074	0
364	1574182	1848648	0
365	9990425	340299	1
366	4295542	690785	1
367	8244683	3019846	0
368	900853	2160390	0
369	5555938	5627897	0
370	8433089	6986416	0
371	1500624	2480837	0
372	8715181	3923247	0
373	9972878	5277293	0
374	5490933	6258144	0
375	2380580	3822938	0
376	1402252	8131467	0
377	2939207	5481480	0
378	2272658	3828955	0
379	549020	4795665	0
380	8217954	2108026	0
381	536347	1684564	0
382	9010759	4709449	0
383	9474446	137026	1
384	536014	3790521	0
385	1513657	6479301	0
386	5398710	2197321	0
387	2328980	6641613	0
388	4125188	367388	1
389	2835636	3845879	0
390	1761203	4359990	0
391	6063432	7028188	0
392	6869129	5354963	0
393	557630	9784820	0
394	4085509	3427300	0
395	6127237	3798822	0
396	2240373	5481255	0
397	1417838	5543277	0
398	8527395	797153	1
399	3323692	3119400	0
400	1789103	5975227	0
401	5828218	6987518	0
402	4171384	7611447	0
403	6227931	510315	1
404	2089396	7172813	0
405	8235389	5305324	0
406	8900640	1486502	1
407	9183287	6255299	0
408	3785297	305780	1
409	4076977	3366376	0
410	5321512	9633516	0
411	8893219	5091212	0
412	1811555	3551329	0
413	7865398	6340810	0
414	1726289	6495486	0
415	1617798	3109485	0
416	4797598	8176416	0
417	8799049	6372952	0
418	9450572	8002894	0
419	4402697	1710358	0
420	2280770	6264021	0
421	3043725	667647	0
422	172542	1079044	0
423	5360214	3511683	0
424	6342887	8575361	0
425	2047045	497814	0
426	9612094	9116231	0
427	5080282	7182008	0
428	2028082	4367165	0
429	1591319	5614496	0
430	692626	7251699	0
431	1062146	5934852	0
432	7680541	5262459	0
433	4796874	1718535	0
434	6356725	1673314	0
435	9035777	3050944	0
436	949554	9823306	0
437	5459208	5423459	0
438	8016787	3897637	0
439	3075976	6210447	0
440	4952912	9227408	0
441	7020444	3853107	0
442	6837003	197962	1
443	9324301	321565	1
444	40164	7507407	0
445	6384437	461857	1
446	7828652	1383317	1
447	8309764	9392098	0
448	7173041	7758818	0
449	5752737	3889600	0
450	9461176	969288	1
451	7156136	6215902	0
452	6821128	8821567	0
453	2821394	186190	1
454	3331235	1318749	0
455	3877042	6002908	0
456	9351824	1924276	0
457	6638684	2357748	0
458	1056979	539592	0
459	2209568	8889393	0
460	2410367	5608363	0
461	6448052	6108163	0
462	5804642	3820983	0
463	9604335	5805179	0
464	2444126	3191016	0
465	662130	2071478	0
466	442583	4082259	0
467	2748129	7936868	0
468	3383752	7204295	0
469	6457167	9876596	0
470	6847856	1635071	0
471	1827640	7174622	0
472	9049770	2212864	0
473	251431	4853644	0
474	8911195	4906005	0
475	2467448	5915365	0
476	8445701	8483429	0
477	6320952	8787064	0
478	6213880	7207854	0
479	8544168	952770	1
480	807079	7229088	0
481	2852961	8608157	0
482	3144472	1153368	0
483	5155217	2196421	0
484	9118709	8121719	0
485	2530147	91271	1
486	1247296	778975	0
487	8150909	5895816	0
488	7705764	8253962	0
489	2425251	543535	0
490	2155878	2114438	0
491	5445753	5403696	0
492	728570	1124881	0
493	1025253	5323318	0
494	3647666	1908045	0
495	8486931	5819052	0
496	1580433	1022496	0
497	3137810	9942313	0
498	9775678	6628138	0
499	756123	7497334	0
500	1800212	3493988	0
501	7406066	9560508	0
502	2917206	6178770	0
503	4603750	9100751	0
504	8064	743780	0
505	4436466	7767441	0
506	929337	2260207	0
507	6165510	6528516	0
508	6653796	9460674	0
509	5150175	3159408	0
510	3572437	8338920	0
511	3009938	2262573	0
512	1906848	656634	0
513	3115561	2692878	0
514	1864718	1144990	0
515	3582948	7710826	0
516	3188649	5489696	0
517	1537569	7273800	0
518	1932663	4842411	0
519	2170582	6672422	0
520	2219843	6860707	0
521	7686202	4591334	0
522	3543702	477986	1
523	968579	3377494	0
524	4582725	2379150	0
525	4809803	9273562	0
526	2914340	663380	0
527	3462156	6475832	0
528	591832	5446979	0
529	2102602	8677376	0
530	5004234	1797511	0
531	8884688	2827414	0
532	7728184	6372160	0
533	7864978	661982	1
534	9229413	4770238	0
535	5843633	8223490	0
536	393585	4887899	0
537	2648606	7793251	0
538	1904963	8529526	0
539	1563350	3919897	0
540	1134242	6476039	0
541	1118539	2319657	0
542	4576739	420452	1
543	9735267	6297538	0
544	4031165	8354831	0
545	4017177	9777460	0
546	865720	2192185	0
547	3508802	5933934	0
548	4088644	324440	1
549	8671082	6061490	0
550	1933798	595168	0
551	2271197	8346071	0
552	2316173	7762977	0
553	7094081	1014458	1
554	8623235	7894204	0
555	5014112	9620803	0
556	511103	9651139	0
557	8795268	8560399	0
558	9697879	3901420	0
559	7995643	6380991	0
560	2609106	142578	1
561	8024122	4330972	0
562	5324444	5847177	0
563	3999262	7511398	0
564	5940691	1060348	1
565	2049997	7653496	0
566	8336446	2290276	0
567	6074171	1228825	0
568	4475549	4852614	0
569	2558281	8857121	0
570	4653211	5718730	0
571	6063112	4214341	0
572	2381408	7427284	0
573	1448730	5989698	0
574	8743363	2046017	0
575	6668089	7280546	0
576	4152605	748672	1
577	9001938	5948974	0
578	9018168	4353866	0
579	9061705	8475377	0
580	5379047	3930559	0
581	9346400	8554340	0
582	3735215	5914527	0
583	1416114	1422779	0
584	2758051	7817761	0
585	9889881	7761483	0
586	3657549	2335092	0
587	5461679	8090390	0
588	7024328	8053583	0
589	9475250	4764661	0
590	404203	1502391	0
591	9380481	4714336	0
592	5470752	6787661	0
593	9384707	1212125	1
594	4016082	6363089	0
595	9745063	8086275	0
596	3062660	1298359	0
597	2078021	5675178	0
598	5660287	2327780	0
599	9725219	3909042	0
600	814500	9344005	0
601	8076820	182380	1
602	4384095	3957772	0
603	634044	7003816	0
604	8834748	7880009	0
605	4637678	859484	1
606	9264276	8272545	0
607	1127478	7908589	0
608	8237663	6466157	0
609	8244594	7471901	0
610	339757	8817777	0
611	1473947	3053074	0
612	6166448	4992247	0
613	7377570	9053055	0
614	99313	329479	0
615	5316981	2700785	0
616	9509795	8805958	0
617	2347552	5610680	0
618	2282389	9596393	0
619	9899280	6200944	0
620	2124864	8032596	0
621	9707636	3512619	0
622	3920512	70611	1
623	3976892	5601852	0
624	5673184	7911283	0
625	4330947	1851299	0
626	3561614	6624766	0
627	8895625	4023312	0
628	2919149	9511826	0
629	532377	7336726	0
630	9686474	2864733	0
631	4587018	6557805	0
632	4106662	5698679	0
633	256416	7410403	0
634	9134001	5663964	0
635	8960530	1450337	1
636	2833752	3745541	0
637	2338022	3379478	0
638	8708981	1070369	1
639	3478777	3450946	0
640	6017957	7496821	0
641	1317275	7964833	0
642	4902584	1925837	0
643	9930582	5717490	0
644	7469121	7147037	0
645	879951	5554594	0
646	7662668	5203129	0
647	5490118	5359258	0
648	2598319	2323246	0
649	4723896	6435362	0
650	4438521	4669755	0
651	886948	523504	0
652	5050248	7641071	0
653	1482474	7060177	0
654	3367351	8078176	0
655	9519054	1874803	0
656	4159155	1647237	0
657	4357660	1321677	0
658	2341871	6906033	0
659	2768486	4515115	0
660	8885294	9079597	0
661	7448425	8775769	0
662	4061245	6119536	0
663	5818382	6366956	0
664	6546371	7017341	0
665	93708	5494184	0
666	4682544	9222234	0
667	6042794	9063569	0
668	3378387	5666216	0
669	5528738	4587537	0
670	4048520	1546084	0
671	7941281	5103810	0
672	5279502	6057657	0
673	9178091	4899033	0
674	4160503	8652159	0
675	1936924	2201520	0
676	2937016	3299668	0
677	273033	5602287	0
678	2501344	982229	0
679	1569349	3532374	0
680	5845606	1476474	0
681	7464896	725672	1
682	2109595	5083915	0
683	5378441	4387511	0
684	2567102	6781123	0
685	528052	3682569	0
686	9492654	5363199	0
687	9194710	3183396	0
688	1493434	8391715	0
689	9699245	3464059	0
690	1046036	5097610	0
691	2413661	7100917	0
692	525413	8373927	0
693	6621013	7685270	0
694	9141370	2941117	0
695	6760400	1661516	0
696	5863195	8620215	0
697	3236984	8528216	0
698	8660476	1987237	0
699	1152164	1094615	0
700	8211405	5500499	0
701	7556674	1610477	0
702	8681196	6650760	0
703	70608	7830285	0
704	3022907	3428056	0
705	710532	516966	0
706	631051	435622	0
707	360716	1370221	0
708	3926327	9323194	0
709	5408880	6425091	0
710	2501710	3572347	0
711	5653267	6205252	0
712	8439400	4614473	0
713	4348376	2177516	0
714	6963609	1051385	1
715	8628320	2288357	0
716	4456196	702958	1
717	5271538	8967665	0
718	1132935	6851792	0
719	7628404	6014064	0
720	4942100	6717420	0
721	4239126	3982671	0
722	8141855	6716968	0
723	4222094	8260877	0
724	2135731	1606177	0
725	8848253	3244523	0
726	2735008	3943139	0
727	9137393	5391152	0
728	2942543	3889732	0
729	9113348	8900246	0
730	1659318	25565	1
731	5075489	22740	1
732	386022	4580902	0
733	4048998	3651017	0
734	8682049	7660973	0
735	1177381	5071298	0
736	5880010	8106611	0
737	839429	4589032	0
738	6899221	7367011	0
739	2574150	443337	1
740	4026717	9729136	0
741	9898530	7045889	0
742	9249332	296522	1
743	5908942	7980805	0
744	5956565	3348028	0
745	9981216	1537931	1
746	7447061	7518757	0
747	2388170	3747609	0
748	3482872	8054544	0
749	7768644	9012905	0
750	9898208	3412595	0
751	1284680	512246	0
752	4873697	1322113	0
753	9675639	5379175	0
754	7445679	9338156	0
755	4855961	3332244	0
756	674361	4157883	0
757	1980802	2790265	0
758	5393359	90883	1
759	7677839	721462	1
760	8702718	9500485	0
761	1763280	5830272	0
762	7728252	23204	1
763	4361280	690984	1
764	1639102	8777409	0
765	7245615	7427398	0
766	3472296	8177909	0
767	7100481	2778370	0
768	2564956	8387882	0
769	8361230	4041214	0
770	6590259	2279766	0
771	8786922	2056035	0
772	7877706	5110421	0
773	1982272	7195271	0
774	6527156	5110370	0
775	7046552	9233848	0
776	577485	2408050	0
777	1716536	7255976	0
778	7521070	5604270	0
779	2620902	1527796	0
780	9787452	5605963	0
781	8857035	7911379	0
782	6825947	9385991	0
783	5611378	1790551	0
784	613057	5200897	0
785	1722352	3790307	0
786	9981669	8794421	0
787	3180702	780074	0
788	3013141	2266388	0
789	7907458	3038559	0
790	9991463	2609980	0
791	3991756	783615	0
792	7842887	7454681	0
793	7742332	3362231	0
794	1676528	253207	1
795	7338656	632818	1
796	2635254	5595331	0
797	2169787	4254979	0
798	3490495	3768445	0
799	6498370	7866348	0
800	549010	9293724	0
801	7867200	2035401	0
802	4664327	1711646	0
803	7381017	3288668	0
804	6921374	6455242	0
805	7499755	645302	1
806	8527980	3269861	0
807	5279376	8168830	0
808	8433008	6440077	0
809	5860032	8233441	0
810	2595460	5873589	0
811	1438804	1619990	0
812	6983023	5008189	0
813	376869	9657868	0
814	5905943	9565996	0
815	6733715	493363	1
816	3100628	8820237	0
817	2983073	2696420	0
818	7679199	2382565	0
819	3839038	5855214	0
820	191209	2032333	0
821	3895327	497726	1
822	8179912	4864175	0
823	7449799	7942058	0
824	9527372	9086625	0
825	8311976	63066	1
826	5763120	6094169	0
827	4621667	9851475	0
828	2598188	464204	1
829	2186028	9293090	0
830	9505704	3771496	0
831	8200649	5988001	0
832	7220746	8826474	0
833	1184697	1273449	0
834	2065712	6188252	0
835	2018289	6469332	0
836	9509625	3946287	0
837	2181953	5414189	0
838	2094462	7771889	0
839	89302	9683063	0
840	3626079	8702378	0
841	878041	5701206	0
842	7104823	8551897	0
843	5977908	5331230	0
844	287665	6357382	0
845	4066036	9507575	0
846	1959732	3053060	0
847	2404809	2879529	0
848	6939066	6097477	0
849	7861291	6017290	0
850	4006591	3840089	0
851	5506583	3704961	0
852	8343252	5363461	0
853	735479	3915702	0
854	1256530	3489532	0
855	5384224	2318680	0
856	7391788	8389053	0
857	952309	821642	0
858	806366	2485000	0
859	3837352	2502891	0
860	5878402	93822	1
861	8912545	7401152	0
862	1514113	4746324	0
863	5822967	1277633	0
864	2884454	1289267	0
865	8205723	4368381	0
866	4792014	7508272	0
867	3168020	9494506	0
868	333308	5016419	0
869	748644	776461	0
870	3640713	5247526	0
871	281482	6198978	0
872	6673336	1471468	0
873	7280289	2162729	0
874	8955496	5508795	0
875	1692326	497581	0
876	3978530	3597383	0
877	5006167	7042226	0
878	5325522	1461421	0
879	4859830	5063386	0
880	1827091	7251273	0
881	4275116	5562484	0
882	1475747	5258676	0
883	3240395	4191107	0
884	4243958	7691229	0
885	7955756	3532902	0
886	2876262	6464962	0
887	2611703	7384105	0
888	6485511	7243084	0
889	7876481	2805991	0
890	6615449	8021701	0
891	3871888	7769689	0
892	2744599	7537655	0
893	4037306	3545600	0
894	9408492	3373538	0
895	8925803	7867499	0
896	629445	4633881	0
897	7037316	5922981	0
898	7317889	252473	1
899	6570785	2824383	0
900	1885765	9340679	0
901	7909491	6307573	0
902	2748589	8791589	0
903	7106124	5236480	0
904	4915741	3580145	0
905	9667898	7077624	0
906	8588725	9244923	0
907	2388682	9698915	0
908	684131	1891232	0
909	9292398	3786974	0
910	1093906	6513735	0
911	5573753	6904678	0
912	8413312	3555640	0
913	9726790	5352644	0
914	5952301	3352212	0
915	2861945	3775123	0
916	2494447	7787253	0
917	8159197	9656943	0
918	6181027	570018	1
919	2990573	9641916	0
920	9470589	4937327	0
921	6317934	938640	1
922	9358209	8637615	0
923	889529	449470	0
924	4725899	1741655	0
925	8005015	12288	1
926	8067592	6292401	0
927	6273092	3307840	0
928	8037575	104633	1
929	3473814	1544707	0
930	373354	294424	0
931	3475127	6061682	0
932	7568374	699194	1
933	1399566	5086855	0
934	7667594	2434190	0
935	4054973	9019728	0
936	2185645	7081178	0
937	7841603	4514275	0
938	4587712	8684088	0
939	9844032	7926367	0
940	129298	4314544	0
941	3737561	83738	1
942	2501906	7022963	0
943	6824626	7540460	0
944	890143	1481266	0
945	4308504	360727	1
946	483836	7563033	0
947	4727361	4143442	0
948	9710431	4123628	0
949	880554	3206384	0
950	186024	3197244	0
951	5136416	2994482	0
952	2338735	2237765	0
953	721243	177446	0
954	5734454	5638247	0
955	8836932	537913	1
956	9210494	3898560	0
957	3058648	5522528	0
958	4218357	9194594	0
959	3314596	3955935	0
960	859788	3393462	0
961	2503536	8829621	0
962	8174759	2567660	0
963	5294200	1270564	0
964	4379566	678302	1
965	1558741	6483936	0
966	2849217	5326592	0
967	8692219	5856724	0
968	2893832	978118	0
969	9819	124299	0
970	1384487	4287251	0
971	98473	4408129	0
972	4620241	387096	1
973	2251064	3868167	0
974	3910516	2745169	0
975	5225857	5402381	0
976	9171218	1125976	1
977	3095490	2058767	0
978	835504	7620837	0
979	6688707	285407	1
980	3130342	8431203	0
981	5895475	3125387	0
982	3233175	6002735	0
983	5204786	7201706	0
984	9450171	2132335	0
985	4320232	9700040	0
986	9052888	7959821	0
987	1654866	4977131	0
988	3496976	8222159	0
989	5668253	3670978	0
990	2881619	5436053	0
991	4153642	7039849	0
992	8465460	5378478	0
993	4039218	5021019	0
994	4912218	3318230	0
995	7649667	3166453	0
996	2343949	1824336	0
997	5658089	3168931	0
998	5541488	9954588	0
999	8774568	5873449	0
1000	536526	4212566	0
1001	285860	7504272	0
1002	8805004	7651883	0
1003	1716772	4018731	0
1004	1596734	4057080	0
1005	1801259	1350213	0
1006	2973270	7554177	0
1007	2064006	5104872	0
1008	194424	6679626	0
1009	5279204	900940	1
1010	478313	5456150	0
1011	6704159	2860379	0
1012	3447205	899833	0
1013	688025	8087517	0
1014	8151951	525724	1
1015	1446721	955973	0
1016	2861635	93581	1
1017	2554293	1442839	0
1018	4760712	6462272	0
1019	5073410	1111412	0
1020	618465	2108839	0
1021	863366	5783492	0
1022	427074	8872553	0
1023	7804023	9854718	0
1024	8744416	4700738	0
1025	5584764	9218839	0
1026	3206049	6646390	0
1027	6253817	6307588	0
1028	3459507	7537523	0
1029	8770152	91630	1
1030	2163256	770	1
1031	7758562	3749746	0
1032	2942495	555049	1
1033	5572414	1428369	0
1034	936078	2949537	0
1035	920912	461115	0
1036	408059	1007215	0
1037	7634259	7081971	0
1038	4839258	7101602	0
1039	3023841	6171551	0
1040	3841137	6080040	0
1041	2818590	8128494	0
1042	9997383	6370252	0
1043	2122869	7501158	0
1044	9674939	7413072	0
1045	7436282	103177	1
1046	6872880	613667	1
1047	602479	6664483	0
1048	1172454	1146815	0
1049	8453730	3060019	0
1050	131556	5027745	0
1051	7598195	4628339	0
1052	4619409	3104614	0
1053	854580	711302	0
1054	9728099	8664319	0
1055	6415913	8084670	0
1056	2330798	7146513	0
1057	1838318	1394566	0
1058	6917790	8050027	0
1059	2244344	6510322	0
1060	7254080	6516645	0
1061	6804468	266210	1
1062	1156922	7397841	0
1063	9695179	5678925	0
1064	2136347	5399521	0
1065	4284231	5500975	0
1066	4379597	7685269	0
1067	1142607	1286929	0
1068	3508903	7864478	0
1069	2847310	3281970	0
1070	3096223	8249684	0
1071	9817010	3665231	0
1072	562845	7670673	0
1073	3445905	7027348	0
1074	5822058	7272232	0
1075	8357093	1053727	1
1076	754759	1006597	0
1077	4417912	2612397	0
1078	4362906	6685539	0
1079	8846043	2167907	0
1080	7627076	8841892	0
1081	7281552	2720699	0
1082	6118670	8595408	0
1083	3465671	6756361	0
1084	252353	7775789	0
1085	656837	8783529	0
1086	4573012	8435190	0
1087	241889	1191880	0
1088	1246912	4482236	0
1089	3486377	5760715	0
1090	3283056	7093718	0
1091	6775585	4233439	0
1092	1088852	3943814	0
1093	8668715	4975902	0
1094	8006421	6383658	0
1095	995330	8296410	0
1096	3262051	6912412	0
1097	7039840	1582090	0
1098	926697	5360678	0
1099	1766848	9983951	0
1100	2009826	3248037	0
1101	9931198	6226593	0
1102	166341	407737	0
1103	6165274	8205211	0
1104	3427740	6180134	0
1105	5445339	8474847	0
1106	8277875	4172490	0
1107	7072400	4557095	0
1108	9130603	7877435	0
1109	1639474	5317737	0
1110	7046126	6996860	0
1111	6887973	1846310	0
1112	2702973	8579548	0
1113	8111581	3227984	0
1114	5882788	2903660	0
1115	4985629	8464086	0
1116	9414799	2548635	0
1117	7936475	7924941	0
1118	5979959	4819056	0
1119	9670080	2029372	0
1120	6868917	5127650	0
1121	614091	3592964	0
1122	9529783	7275735	0
1123	7578773	9800682	0
1124	7005712	9540151	0
1125	2980655	5881283	0
1126	4478953	4361773	0
1127	9066279	6995643	0
1128	5671701	9019898	0
1129	6609706	8730817	0
1130	2070147	5073269	0
1131	6524355	7123731	0
1132	5713100	5753507	0
1133	1634498	6799841	0
1134	7089261	8772207	0
1135	3105591	7822752	0
1136	7103630	605318	1
1137	9433374	8390126	0
1138	1672960	6547153	0
1139	3568917	643101	1
1140	3646406	5100560	0
1141	8434759	3371743	0
1142	7964618	5644816	0
1143	2079981	4595980	0
1144	3438641	325001	1
1145	9761131	5656082	0
1146	190920	1364886	0
1147	6656534	6432377	0
1148	2071453	6256465	0
1149	9925397	8964753	0
1150	7899051	360842	1
1151	8899301	3455547	0
1152	7345197	6732580	0
1153	273910	5308754	0
1154	3720211	7537037	0
1155	9876851	8010548	0
1156	609042	7655896	0
1157	4101919	3868656	0
1158	4803030	7116537	0
1159	2851674	984078	0
1160	688979	8880540	0
1161	2349764	6372597	0
1162	5354937	7921314	0
1163	1009656	6190845	0
1164	2339590	6226361	0
1165	8633337	3142930	0
1166	2626997	4437654	0
1167	6329643	9203841	0
1168	8613652	1481810	1
1169	6944632	7088098	0
1170	6091827	8638814	0
1171	3680659	388898	1
1172	1896056	5347237	0
1173	5483097	8664236	0
1174	3908304	2542397	0
1175	9906771	3644468	0
1176	2279680	3225160	0
1177	6176344	7211168	0
1178	4849561	3582189	0
1179	3831632	8479123	0
1180	9014666	2204783	0
1181	1977235	5299991	0
1182	7269071	5804775	0
1183	6681327	4270565	0
1184	1754824	591906	0
1185	8605001	9547604	0
1186	5110948	8190233	0
1187	1653851	4649693	0
1188	9334780	4035209	0
1189	9944603	9998279	0
1190	1168380	5997231	0
1191	177084	7922675	0
1192	8890684	3614370	0
1193	6407757	1951814	0
1194	7730605	7763276	0
1195	7266304	6152238	0
1196	3757358	4520710	0
1197	4268294	2494931	0
1198	9239742	8796879	0
1199	198037	3286492	0
1200	61004	9927081	0
1201	3437707	5504347	0
1202	3609131	5046417	0
1203	2447660	4458582	0
1204	6797089	859801	1
1205	8600455	2686195	0
1206	9350303	2714403	0
1207	7250680	8269247	0
1208	2664970	7031356	0
1209	3524934	3577627	0
1210	7328951	867858	1
1211	5543404	756803	1
1212	8979446	2009236	0
1213	8223349	9560572	0
1214	945093	1704485	0
1215	3868672	4474586	0
1216	1333158	7898748	0
1217	9692772	4024235	0
1218	3834891	3784859	0
1219	8311532	2262788	0
1220	5008621	7066345	0
1221	9361347	3061861	0
1222	3711227	9391342	0
1223	7064555	272779	1
1224	1612016	8935595	0
1225	6931303	2938963	0
1226	610941	3946260	0
1227	2595833	5799366	0
1228	9081190	481835	1
1229	3439622	9969733	0
1230	8514345	2491834	0
1231	6239893	5343442	0
1232	8159192	6201773	0
1233	557430	741880	0
1234	1505160	3316873	0
1235	2240767	8664793	0
1236	7715170	4428173	0
1237	1917810	3944402	0
1238	2351318	7497060	0
1239	141690	4903628	0
1240	9098224	7942019	0
1241	4356052	586146	1
1242	2905411	1083685	0
1243	1944203	4468138	0
1244	2694785	1402593	0
1245	3936219	2047202	0
1246	7046061	4518500	0
1247	5316919	44089	1
1248	4921191	548433	1
1249	1364711	867063	0
1250	4872294	5294514	0
1251	4196937	5505865	0
1252	8373253	3386393	0
1253	6210103	1756269	0
1254	4723316	3585111	0
1255	6303625	3546614	0
1256	7002639	2205272	0
1257	7950641	3126973	0
1258	6968139	8323609	0
1259	5303045	7739236	0
1260	9610316	9479496	0
1261	8504218	9302024	0
1262	3398293	8522871	0
1263	8588747	6772227	0
1264	5665879	7527420	0
1265	7980633	6037850	0
1266	2156010	5793127	0
1267	7757356	8852170	0
1268	8328665	9688224	0
1269	3028536	7279722	0
1270	2236823	92189	1
1271	5796603	5113597	0
1272	6541392	1316286	0
1273	8500258	7720022	0
1274	7543771	2933957	0
1275	5839820	4354536	0
1276	1224139	2847221	0
1277	4894566	1138281	0
1278	5624229	9511238	0
1279	1174325	1866531	0
1280	1285804	3584449	0
1281	5340786	1147735	0
1282	9088983	1756670	0
1283	1000847	8141646	0
1284	5388388	2873272	0
1285	420632	8564605	0
1286	9797253	560394	1
1287	5540405	1559508	0
1288	7790137	9838537	0
1289	8910283	961955	1
1290	2650678	6692477	0
1291	4926659	6412969	0
1292	8120706	7197692	0
1293	7010786	267963	1
1294	2337313	7457829	0
1295	6093143	1370638	0
1296	7236713	7873206	0
1297	9420244	7601185	0
1298	9925489	5882187	0
1299	2789844	2717129	0
1300	3945896	5709300	0
1301	9908602	7409114	0
1302	1694210	7992305	0
1303	1659930	7929199	0
1304	1711692	1323916	0
1305	8389457	6106839	0
1306	2814241	9514899	0
1307	3871950	4055452	0
1308	1242229	51185	1
1309	972212	7920561	0
1310	1238222	2975848	0
1311	75032	9291191	0
1312	8441747	9678830	0
1313	9352869	4026860	0
1314	949245	3619873	0
1315	3092575	4585649	0
1316	5499818	2959591	0
1317	899204	3089974	0
1318	5973584	5047974	0
1319	9655822	5840452	0
1320	6045198	9066397	0
1321	809942	9581350	0
1322	4702942	2069597	0
1323	6562899	8345013	0
1324	126375	8844392	0
1325	6371327	5689343	0
1326	218479	1766756	0
1327	6527066	3450387	0
1328	7051950	9580924	0
1329	8147464	5870188	0
1330	7444286	1194068	1
1331	1479573	8498552	0
1332	5693294	3616166	0
1333	2322137	7018435	0
1334	773557	2342014	0
1335	3570423	1497797	0
1336	6151427	9786254	0
1337	3764095	799300	0
1338	65715	8800431	0
1339	1924403	3371367	0
1340	2215453	1806197	0
1341	4277735	2854233	0
1342	2397001	3975149	0
1343	1654145	2871062	0
1344	7262782	418038	1
1345	5938848	58069	1
1346	3230456	5674425	0
1347	7078490	8257810	0
1348	1746679	7431878	0
1349	2722461	4776503	0
1350	1529844	3615308	0
1351	4982070	2109798	0
1352	9719599	6568437	0
1353	4379888	3853798	0
1354	4039395	2387036	0
1355	7419733	1452583	0
1356	1880795	2650412	0
1357	2756368	7694195	0
1358	3864094	2321878	0
1359	5024114	7854388	0
1360	863046	1795438	0
1361	1835795	8477532	0
1362	1145583	6068003	0
1363	1474321	5441268	0
1364	8992714	2467417	0
1365	7385332	4046277	0
1366	210257	9072229	0
1367	3641906	1804445	0
1368	8881301	9633380	0
1369	3251277	9926974	0
1370	8953651	1064248	1
1371	7400218	4979433	0
1372	5355109	7860000	0
1373	6550558	1759874	0
1374	5358388	7789939	0
1375	5999121	9073760	0
1376	9447372	9492473	0
1377	820228	1493811	0
1378	8543208	6657766	0
1379	5911326	1772306	0
1380	190572	9453556	0
1381	8882050	9919521	0
1382	2836753	494364	1
1383	5488077	3562460	0
1384	8702266	9009136	0
1385	5127227	6675458	0
1386	2342502	7509784	0
1387	2431337	1487648	0
1388	5380031	2951783	0
1389	2024629	8331960	0
1390	6651215	6474137	0
1391	1964353	4328591	0
1392	8274	5896875	0
1393	6792343	7831440	0
1394	6318758	6002263	0
1395	6276838	3843040	0
1396	9040478	9553835	0
1397	7295595	6034943	0
1398	6651255	4519749	0
1399	7204331	3034263	0
1400	8179362	2519597	0
1401	7781084	8268005	0
1402	5486016	3041999	0
1403	951459	340161	0
1404	4474220	1398035	0
1405	977016	8610891	0
1406	7314865	6434459	0
1407	7455719	9346996	0
1408	2355292	7789592	0
1409	536175	9462054	0
1410	2820461	5926985	0
1411	4772301	9096401	0
1412	8862759	9073298	0
1413	1285715	5677459	0
1414	2987207	5313077	0
1415	3254129	956611	0
1416	5033681	7994159	0
1417	5122261	2333467	0
1418	1125893	738737	0
1419	1972399	120895	1
1420	171377	7365049	0
1421	7458189	7190382	0
1422	7747360	3262285	0
1423	183014	6248388	0
1424	7135728	5221972	0
1425	4027314	404265	1
1426	6452225	6307729	0
1427	4660534	1710810	0
1428	3091914	2534973	0
1429	8768094	6188818	0
1430	7268549	303295	1
1431	1844674	4936532	0
1432	2943434	3506058	0
1433	939211	7691736	0
1434	4292986	9095187	0
1435	7530863	154896	1
1436	8878802	1173998	1
1437	3328279	294997	1
1438	9032031	8297476	0
1439	7755810	1022259	1
1440	845968	7743475	0
1441	1981187	7948494	0
1442	5546791	1904130	0
1443	1373190	7031151	0
1444	5902410	120639	1
1445	3596592	823855	0
1446	2328886	279480	1
1447	3431875	2220478	0
1448	2703763	9250386	0
1449	4368352	6478672	0
1450	4825058	6988361	0
1451	1279815	7641894	0
1452	9516562	3611460	0
1453	4368571	3236148	0
1454	8086322	5296660	0
1455	1566465	1248628	0
1456	1444418	1656329	0
1457	4776198	2891975	0
1458	1963554	7894001	0
1459	6890656	8549507	0
1460	4584108	3544750	0
1461	6761453	3918109	0
1462	6210909	2684915	0
1463	671576	7059700	0
1464	793646	2418075	0
1465	6125114	1955896	0
1466	349313	6664229	0
1467	9281692	6596085	0
1468	5384759	7864144	0
1469	7583643	697536	1
1470	9194462	4915919	0
1471	8597860	187516	1
1472	5856904	7202473	0
1473	3780959	7166025	0
1474	1956663	7327025	0
1475	8031209	3497611	0
1476	4696564	6358044	0
1477	1074233	984722	0
1478	900478	1654980	0
1479	911716	1315563	0
1480	6771616	8807672	0
1481	6330107	3230914	0
1482	1085979	5580541	0
1483	9392466	4784882	0
1484	8523971	7983142	0
1485	4090076	3657259	0
1486	3214886	161035	1
1487	584498	8724543	0
1488	5698150	4195689	0
1489	2827442	7891721	0
1490	3284136	2181142	0
1491	5300036	5825530	0
1492	1744037	2553503	0
1493	7852344	4704450	0
1494	5475550	1253248	0
1495	65355	4824599	0
1496	8143980	4785919	0
1497	646473	825636	0
1498	83957	1174181	0
1499	5429324	2473873	0
1500	9852859	4776154	0
1501	5777570	6688427	0
1502	5753294	4488604	0
1503	3549260	6267313	0
1504	7336674	102363	1
1505	7186339	1409594	0
1506	9587259	1501813	1
1507	3327382	373829	1
1508	3374660	7151049	0
1509	2188430	3197791	0
1510	189760	8098554	0
1511	6573682	9003499	0
1512	4192664	1084226	0
1513	8012358	1475345	0
1514	5212114	4680432	0
1515	2380142	9170758	0
1516	6570019	8360064	0
1517	9876753	1961843	0
1518	8043163	6103637	0
1519	4628121	6719941	0
1520	2692094	1730965	0
1521	6237398	8770448	0
1522	945587	8045857	0
1523	4252098	4431968	0
1524	5453142	7666351	0
1525	2670303	9353758	0
1526	68968	1961351	0
1527	4233533	2533980	0
1528	4562982	1976662	0
1529	6684568	8743357	0
1530	4262519	196914	1
1531	1429277	9724548	0
1532	5594622	5559723	0
1533	2397517	980023	0
1534	4144720	7228170	0
1535	4368635	6186351	0
1536	4245055	9043113	0
1537	8609263	1134783	1
1538	9251285	1942766	0
1539	374189	3006527	0
1540	8657628	4911206	0
1541	4653007	7342644	0
1542	6795290	5947258	0
1543	7696655	8032861	0
1544	9327387	1195728	1
1545	6844641	8095069	0
1546	9096742	7832128	0
1547	5959741	5907392	0
1548	9107793	1516145	1
1549	2055802	5595051	0
1550	6014897	2148112	0
1551	1218262	8137253	0
1552	1041193	5351340	0
1553	948882	6567932	0
1554	7308131	3056817	0
1555	2007482	6442965	0
1556	6564573	2292480	0
1557	7981443	5152724	0
1558	5202203	7100839	0
1559	1669965	5638500	0
1560	9038075	8327746	0
1561	6548807	107811	1
1562	7936805	7131373	0
1563	7502513	9802605	0
1564	1165472	8657252	0
1565	7972797	6823172	0
1566	7346690	5198394	0
1567	1617295	5273177	0
1568	3678784	7122098	0
1569	4258532	9456377	0
1570	7717155	7719486	0
1571	4732110	9240855	0
1572	6577884	1926290	0
1573	5814173	6958130	0
1574	508078	6400355	0
1575	5434714	7647842	0
1576	1026633	1815233	0
1577	9338477	8140101	0
1578	1928119	4652686	0
1579	7498718	2740736	0
1580	6412015	4779930	0
1581	2764472	7779700	0
1582	2632328	2559069	0
1583	2150793	8916607	0
1584	2872199	7452879	0
1585	3796999	3639916	0
1586	2905177	9129960	0
1587	1912525	3804408	0
1588	25948	1701679	0
1589	2930498	6347138	0
1590	5193495	9565185	0
1591	8484890	2520782	0
1592	8208906	5086049	0
1593	7449334	6718453	0
1594	2036385	6656630	0
1595	6623399	5976429	0
1596	7414338	8690853	0
1597	2181520	2090545	0
1598	7773829	6440651	0
1599	9821481	5034765	0
1600	4548099	1867159	0
1601	1515680	8165000	0
1602	38087	2322179	0
1603	1451802	2804717	0
1604	7553890	1675885	0
1605	7458839	9447032	0
1606	9133339	4410838	0
1607	4000883	7484186	0
1608	6784067	1740470	0
1609	9393544	4318185	0
1610	7896357	6076921	0
1611	4889457	4462376	0
1612	1580444	4696986	0
1613	7361642	1325934	1
1614	5721152	5662171	0
1615	4447059	438645	1
1616	8386616	7718046	0
1617	2255059	9335681	0
1618	9527987	7571043	0
1619	5491353	8928234	0
1620	1036530	1419103	0
1621	4800958	4007496	0
1622	1823613	1598389	0
1623	1056838	5535931	0
1624	6308085	6250579	0
1625	5526086	9378132	0
1626	6994569	4604908	0
1627	4280479	7396772	0
1628	6567683	4785677	0
1629	6279400	7845343	0
1630	1141370	6036703	0
1631	9243882	2900139	0
1632	575146	5844344	0
1633	9698116	2869387	0
1634	3457760	946909	0
1635	9183407	5949539	0
1636	8466447	4305304	0
1637	9879388	3151655	0
1638	7863041	9611378	0
1639	4401658	5885092	0
1640	3694119	1462862	0
1641	8115028	8258411	0
1642	8189457	3891362	0
1643	9778198	4253397	0
1644	5537017	7334290	0
1645	7808432	1828152	0
1646	7795321	7149611	0
1647	3273427	4027173	0
1648	4778205	5966137	0
1649	6280344	9833946	0
1650	5148563	8407365	0
1651	2474304	9510475	0
1652	330047	39982	1
1653	1580694	2830920	0
1654	9562091	7832802	0
1655	718961	4021066	0
1656	2103644	6318778	0
1657	9265109	3915744	0
1658	728959	7156464	0
1659	5238969	2683313	0
1660	8119042	5633341	0
1661	9883108	3584685	0
1662	4683648	6493331	0
1663	7304049	8704085	0
1664	2614228	9234676	0
1665	274929	173091	0
1666	8448527	4455534	0
1667	1025967	9158166	0
1668	8893316	9232051	0
1669	3005582	8783966	0
1670	355840	1594841	0
1671	7362575	5022625	0
1672	3764503	3091114	0
1673	828911	6391016	0
1674	7409305	7139113	0
1675	2762989	9382826	0
1676	1356836	8233506	0
1677	403369	2634738	0
1678	2645587	5027564	0
1679	6568232	4577455	0
1680	9570452	6972735	0
1681	9350900	7562264	0
1682	876952	9237548	0
1683	5050081	5383738	0
1684	9040995	8849853	0
1685	8947562	4748575	0
1686	180739	230569	0
1687	2603705	4110365	0
1688	2647005	9805620	0
1689	2367557	1694264	0
1690	3427490	7036193	0
1691	9494294	5284021	0
1692	6491361	6524373	0
1693	7140900	2001084	0
1694	4629047	7514250	0
1695	1706205	3205288	0
1696	490145	4249132	0
1697	1371846	9271151	0
1698	8940658	7886419	0
1699	7345849	5076521	0
1700	9443680	4426974	0
1701	4211148	7726655	0
1702	9335096	4516648	0
1703	8288210	7922737	0
1704	3648690	7080298	0
1705	8321019	7469187	0
1706	4276831	7911981	0
1707	7782679	3776965	0
1708	2945726	9038954	0
1709	7937528	4303166	0
1710	6348015	9245248	0
1711	1768564	1251636	0
1712	5726847	6996560	0
1713	3987721	4905563	0
1714	7175009	756024	1
1715	6668700	7207896	0
1716	376446	3413803	0
1717	6576858	9404016	0
1718	1721699	4863274	0
1719	9038271	453714	1
1720	8989977	7764449	0
1721	5940533	9375229	0
1722	1787154	8901280	0
1723	5292756	5705423	0
1724	5831871	8218868	0
1725	2355912	5582124	0
1726	8225727	191970	1
1727	437968	828231	0
1728	4027569	6479935	0
1729	6696163	2737808	0
1730	4520618	8287023	0
1731	5400685	6865210	0
1732	9283650	5148088	0
1733	8154807	4754151	0
1734	3992393	3600770	0
1735	8962276	4877555	0
1736	1249304	8413613	0
1737	7397911	2059866	0
1738	1855233	9046223	0
1739	3573042	4943303	0
1740	5623400	1127305	0
1741	8655162	5893306	0
1742	2627051	5416900	0
1743	9211734	9946964	0
1744	1311933	9824397	0
1745	6533366	9752898	0
1746	9392016	9410059	0
1747	5068177	4482628	0
1748	8093360	1971225	0
1749	8868742	6600537	0
1750	9303725	660612	1
1751	4712868	7322633	0
1752	6125489	1113314	1
1753	5042501	8070478	0
1754	123632	1795981	0
1755	6441365	5711904	0
1756	3867196	5269819	0
1757	4800496	7630108	0
1758	7474744	8005179	0
1759	1287145	1923152	0
1760	3598501	475598	1
1761	6299880	4381349	0
1762	9500248	4450080	0
1763	3448683	8454762	0
1764	663500	9545314	0
1765	3361389	75513	1
1766	1745620	8451205	0
1767	3733091	6728584	0
1768	4159721	9589652	0
1769	965859	8970894	0
1770	7029665	8689198	0
1771	1928416	7896143	0
1772	6028481	944671	1
1773	9634320	615302	1
1774	7605865	643611	1
1775	22126	7667631	0
1776	859757	9621526	0
1777	6415963	7980526	0
1778	2883781	9182403	0
1779	7270240	2947231	0
1780	7010330	3217830	0
1781	4997518	2972283	0
1782	413824	9931864	0
1783	6268935	4070755	0
1784	9930051	3283159	0
1785	7132309	9430220	0
1786	8221018	797447	1
1787	1455863	4297800	0
1788	2891001	6053833	0
1789	8146749	21805	1
1790	2446658	7268791	0
1791	549577	6733412	0
1792	9991579	4964857	0
1793	6795509	6355408	0
1794	3824154	3389895	0
1795	6499923	1606360	0
1796	250397	6168827	0
1797	5804687	829971	1
1798	6867959	5946961	0
1799	53617	53519	0
1800	2525637	3062335	0
1801	9882623	8418238	0
1802	9374174	4187883	0
1803	5219775	724222	1
1804	1541608	9959886	0
1805	9489306	864708	1
1806	1493000	3493475	0
1807	868957	6283876	0
1808	3678641	8202123	0
1809	4800472	224127	1
1810	9773726	5408384	0
1811	3963305	8916745	0
1812	5226714	5991284	0
1813	5962643	8173429	0
1814	1971708	5823685	0
1815	1274631	2432512	0
1816	3493489	2449503	0
1817	2421829	8536599	0
1818	3797746	695983	1
1819	7128732	8079462	0
1820	7491732	9868992	0
1821	9022669	486270	1
1822	1207422	4389491	0
1823	1255054	1397282	0
1824	1086900	7140831	0
1825	3344682	3141167	0
1826	8331666	6402115	0
1827	1781957	2490661	0
1828	4881109	5766564	0
1829	6779454	1838934	0
1830	8634964	4713608	0
1831	8277933	1609513	0
1832	8712140	5519053	0
1833	9229195	7227659	0
1834	4504024	5364646	0
1835	6012657	2258164	0
1836	6383231	6259763	0
1837	3042169	5095825	0
1838	7009128	8597949	0
1839	5529537	5678355	0
1840	9092264	6588811	0
1841	9980046	5718164	0
1842	7683004	7914851	0
1843	3141900	5456289	0
1844	8310802	3311392	0
1845	5798068	389224	1
1846	9232450	4132460	0
1847	8973126	3339903	0
1848	5156058	2824347	0
1849	6001398	1282638	0
1850	6614486	1448101	0
1851	1484451	1074587	0
1852	6700335	772797	1
1853	7668162	1720881	0
1854	1844106	9992210	0
1855	8198745	755243	1
1856	5597969	1495969	0
1857	1099432	2531298	0
1858	4504159	9347253	0
1859	3265634	9908593	0
1860	6636565	83453	1
1861	2677016	5810657	0
1862	1113610	1760072	0
1863	6008503	7327222	0
1864	3972511	8964319	0
1865	6419752	711061	1
1866	6619055	7245694	0
1867	8392469	8994384	0
1868	9745829	8178801	0
1869	2799692	4213136	0
1870	2299177	5406536	0
1871	5905211	6148958	0
1872	5904499	8606647	0
1873	9769115	2744526	0
1874	2945984	1030028	0
1875	747818	5360904	0
1876	2875233	8258509	0
1877	4881424	1168884	0
1878	6788976	1987565	0
1879	614371	7897601	0
1880	8645406	8113323	0
1881	9483334	5909522	0
1882	9583784	5533192	0
1883	3605676	8836103	0
1884	7976168	8356451	0
1885	298427	7312867	0
1886	6263432	5015602	0
1887	9843531	7962783	0
1888	3488337	5593311	0
1889	8481677	3353994	0
1890	8501537	7354172	0
1891	5709000	3161051	0
1892	2336379	4884389	0
1893	6599103	481237	1
1894	4985785	5724721	0
1895	9248943	5528597	0
1896	6824412	1321492	0
1897	3731572	4126331	0
1898	5597828	2111380	0
1899	3709771	1406259	0
1900	5698939	7250726	0
1901	2268594	2121055	0
1902	8199019	8910501	0
1903	4875500	2911459	0
1904	8931376	1151790	1
1905	5734689	1181004	0
1906	3016776	2980634	0
1907	3149474	1137117	0
1908	4441575	9304601	0
1909	7466953	7194808	0
1910	1151143	3405544	0
1911	8912510	7941542	0
1912	9888221	9196590	0
1913	6934615	1741827	0
1914	6750599	7213817	0
1915	7748567	6940617	0
1916	3096545	5390032	0
1917	5952727	9629879	0
1918	3377558	1096692	0
1919	4642307	3686685	0
1920	3324564	9996088	0
1921	2366331	67911	1
1922	4520568	3943546	0
1923	8153881	1560580	0
1924	2420649	7527997	0
1925	9489746	9913937	0
1926	1275393	7253988	0
1927	2813237	9597351	0
1928	3460517	1323661	0
1929	5189521	3393630	0
1930	3348213	868360	0
1931	5712820	2158908	0
1932	5063199	5449203	0
1933	8788813	824479	1
1934	4824014	9819251	0
1935	3506803	2244162	0
1936	7240448	1461905	0
1937	1782207	6757167	0
1938	5812086	4610862	0
1939	8943123	4306369	0
1940	2241220	4966181	0
1941	6220158	6471765	0
1942	391944	9264251	0
1943	4570424	8304909	0
1944	5856311	8680645	0
1945	131399	6917568	0
1946	3111059	1117847	0
1947	4525253	8929538	0
1948	8466233	4789540	0
1949	7632312	2065099	0
1950	9160790	7826423	0
1951	1714849	9394246	0
1952	1598202	297165	1
1953	7553552	9391544	0
1954	187653	4375052	0
1955	1580788	3461131	0
1956	4120893	6182372	0
1957	5360113	2996471	0
1958	4266498	8506625	0
1959	318442	36684	0
1960	9931929	2726378	0
1961	7805086	5133534	0
1962	2127012	1358073	0
1963	7518318	8678540	0
1964	6606258	9495671	0
1965	590524	7302127	0
1966	126579	1411412	0
1967	5197424	9666972	0
1968	9326468	3773823	0
1969	7161364	7344663	0
1970	1023081	135784	1
1971	7690399	8997588	0
1972	5919896	7844496	0
1973	3427151	1256170	0
1974	664626	1566153	0
1975	9544367	8602199	0
1976	7701837	7419152	0
1977	3331640	865258	0
1978	1302124	273283	0
1979	8695572	990289	1
1980	4683408	6036608	0
1981	5407358	8022463	0
1982	8609895	4425180	0
1983	3362884	2742329	0
1984	6271523	3372221	0
1985	8275438	3607294	0
1986	8626278	6127125	0
1987	1180025	7060625	0
1988	1632729	3722427	0
1989	8743996	5965796	0
1990	4004956	7274151	0
1991	5950188	5848867	0
1992	1202519	5522122	0
1993	4719035	1321370	0
1994	7083311	8568840	0
1995	551195	2658115	0
1996	2527829	1841875	0
1997	5754784	2348912	0
1998	2742904	1002085	0
1999	6628099	4925969	0
2000	2772443	2786714	0
-----